0.000000000000000000e+00,1.000000000000000000e+00,3.531885715190984154e+00
0.000000000000000000e+00,1.000000000000000056e-01,2.998295859407750452e+00
2.004008016032063962e-03,1.000000000000000000e+00,3.592489397933624762e+00
2.004008016032063962e-03,1.000000000000000056e-01,5.947224721762336408e+00
4.008016032064127925e-03,1.000000000000000000e+00,3.652589127418019110e+00
4.008016032064127925e-03,1.000000000000000056e-01,3.640781858765193224e+00
6.012024048096191453e-03,1.000000000000000000e+00,3.712122706371812519e+00
6.012024048096191453e-03,1.000000000000000056e-01,4.566581172997953075e+00
8.016032064128255849e-03,1.000000000000000000e+00,3.771027414126059352e+00
8.016032064128255849e-03,1.000000000000000056e-01,3.304408660063729908e+00
1.002004008016032024e-02,1.000000000000000000e+00,3.829240097417859978e+00
1.002004008016032024e-02,1.000000000000000056e-01,3.166263277678888599e+00
1.202404809619238291e-02,1.000000000000000000e+00,3.886697263675070069e+00
1.202404809619238291e-02,1.000000000000000056e-01,5.418580868054322153e+00
1.402805611222444730e-02,1.000000000000000000e+00,3.943335176604262582e+00
1.402805611222444730e-02,1.000000000000000056e-01,3.685429097602122894e+00
1.603206412825651170e-02,1.000000000000000000e+00,3.999089953893951055e+00
1.603206412825651170e-02,1.000000000000000056e-01,3.928934133370985293e+00
1.803607214428857436e-02,1.000000000000000000e+00,4.053897666836315139e+00
1.803607214428857436e-02,1.000000000000000056e-01,4.313487628443037458e+00
2.004008016032064049e-02,1.000000000000000000e+00,4.107694441662453677e+00
2.004008016032064049e-02,1.000000000000000056e-01,1.992342625688400481e+00
2.204408817635270315e-02,1.000000000000000000e+00,4.160416562378491001e+00
2.204408817635270315e-02,1.000000000000000056e-01,4.473836815556848201e+00
2.404809619238476581e-02,1.000000000000000000e+00,4.212000574882749149e+00
2.404809619238476581e-02,1.000000000000000056e-01,4.940958606077375137e+00
2.605210420841683194e-02,1.000000000000000000e+00,4.262383392137675031e+00
2.605210420841683194e-02,1.000000000000000056e-01,3.810289222828492139e+00
2.805611222444889460e-02,1.000000000000000000e+00,4.311502400164382465e+00
2.805611222444889460e-02,1.000000000000000056e-01,3.934042771975100550e+00
3.006012024048096073e-02,1.000000000000000000e+00,4.359295564622429175e+00
3.006012024048096073e-02,1.000000000000000056e-01,2.584208746749023788e+00
3.206412825651302340e-02,1.000000000000000000e+00,4.405701537733004436e+00
3.206412825651302340e-02,1.000000000000000056e-01,2.625234545414836695e+00
3.406813627254508953e-02,1.000000000000000000e+00,4.450659765299885606e+00
3.406813627254508953e-02,1.000000000000000056e-01,4.765065570515571558e+00
3.607214428857714872e-02,1.000000000000000000e+00,4.494110593579529578e+00
3.607214428857714872e-02,1.000000000000000056e-01,3.826431636364381106e+00
3.807615230460921485e-02,1.000000000000000000e+00,4.535995375749378056e+00
3.807615230460921485e-02,1.000000000000000056e-01,4.936957253402527002e+00
4.008016032064128098e-02,1.000000000000000000e+00,4.576256577721967034e+00
4.008016032064128098e-02,1.000000000000000056e-01,4.830355639260782930e+00
4.208416833667334017e-02,1.000000000000000000e+00,4.614837883051788658e+00
4.208416833667334017e-02,1.000000000000000056e-01,5.844058344791592141e+00
4.408817635270540630e-02,1.000000000000000000e+00,4.651684296681867004e+00
4.408817635270540630e-02,1.000000000000000056e-01,5.651517150920009946e+00
4.609218436873747243e-02,1.000000000000000000e+00,4.686742247278028906e+00
4.609218436873747243e-02,1.000000000000000056e-01,4.643651887067580475e+00
4.809619238476953162e-02,1.000000000000000000e+00,4.719959687900505685e+00
4.809619238476953162e-02,1.000000000000000056e-01,4.840064616038932677e+00
5.010020040080159776e-02,1.000000000000000000e+00,4.751286194765068416e+00
5.010020040080159776e-02,1.000000000000000056e-01,4.268887697599974551e+00
5.210420841683366389e-02,1.000000000000000000e+00,4.780673063849253168e+00
5.210420841683366389e-02,1.000000000000000056e-01,7.080525230934139103e+00
5.410821643286573002e-02,1.000000000000000000e+00,4.808073405103365339e+00
5.410821643286573002e-02,1.000000000000000056e-01,2.874094621374971847e+00
5.611222444889778921e-02,1.000000000000000000e+00,4.833442234030874474e+00
5.611222444889778921e-02,1.000000000000000056e-01,5.121703222610026529e+00
5.811623246492985534e-02,1.000000000000000000e+00,4.856736560408573489e+00
5.811623246492985534e-02,1.000000000000000056e-01,3.830283495771655833e+00
6.012024048096192147e-02,1.000000000000000000e+00,4.877915473923287948e+00
6.012024048096192147e-02,1.000000000000000056e-01,3.450141019573665702e+00
6.212424849699398066e-02,1.000000000000000000e+00,4.896940226509186367e+00
6.212424849699398066e-02,1.000000000000000056e-01,5.214969596727190293e+00
6.412825651302604679e-02,1.000000000000000000e+00,4.913774311177611764e+00
6.412825651302604679e-02,1.000000000000000056e-01,5.335199013287773795e+00
6.613226452905811292e-02,1.000000000000000000e+00,4.928383537140041071e+00
6.613226452905811292e-02,1.000000000000000056e-01,5.900671877906398244e+00
6.813627254509017905e-02,1.000000000000000000e+00,4.940736101033999184e+00
6.813627254509017905e-02,1.000000000000000056e-01,3.639222111845191954e+00
7.014028056112224518e-02,1.000000000000000000e+00,4.950802654071661202e+00
7.014028056112224518e-02,1.000000000000000056e-01,6.216559501373984276e+00
7.214428857715429744e-02,1.000000000000000000e+00,4.958556364941417272e+00
7.214428857715429744e-02,1.000000000000000056e-01,5.604673588359469605e+00
7.414829659318636357e-02,1.000000000000000000e+00,4.963972978303663908e+00
7.414829659318636357e-02,1.000000000000000056e-01,5.920363487679952463e+00
7.615230460921842970e-02,1.000000000000000000e+00,4.967030868733705695e+00
7.615230460921842970e-02,1.000000000000000056e-01,3.507116225916058649e+00
7.815631262525049583e-02,1.000000000000000000e+00,4.967711089976625694e+00
7.815631262525049583e-02,1.000000000000000056e-01,5.577516111102315044e+00
8.016032064128256196e-02,1.000000000000000000e+00,4.965997419391515066e+00
8.016032064128256196e-02,1.000000000000000056e-01,5.442577748413084393e+00
8.216432865731462809e-02,1.000000000000000000e+00,4.961876397475246669e+00
8.216432865731462809e-02,1.000000000000000056e-01,1.585781847497958363e+00
8.416833667334668034e-02,1.000000000000000000e+00,4.955337362369165888e+00
8.416833667334668034e-02,1.000000000000000056e-01,6.095419538731157161e+00
8.617234468937874647e-02,1.000000000000000000e+00,4.946372479265565225e+00
8.617234468937874647e-02,1.000000000000000056e-01,6.330639037655479306e+00
8.817635270541081260e-02,1.000000000000000000e+00,4.934976764644466662e+00
8.817635270541081260e-02,1.000000000000000056e-01,5.521636895093596564e+00
9.018036072144287874e-02,1.000000000000000000e+00,4.921148105285150010e+00
9.018036072144287874e-02,1.000000000000000056e-01,3.208830474664995158e+00
9.218436873747494487e-02,1.000000000000000000e+00,4.904887272010867605e+00
9.218436873747494487e-02,1.000000000000000056e-01,5.100804722648786260e+00
9.418837675350701100e-02,1.000000000000000000e+00,4.886197928139259794e+00
9.418837675350701100e-02,1.000000000000000056e-01,4.265422536963732192e+00
9.619238476953906325e-02,1.000000000000000000e+00,4.865086632625147622e+00
9.619238476953906325e-02,1.000000000000000056e-01,6.614022670538802551e+00
9.819639278557112938e-02,1.000000000000000000e+00,4.841562837896439930e+00
9.819639278557112938e-02,1.000000000000000056e-01,4.130212332551511878e+00
1.002004008016031955e-01,1.000000000000000000e+00,4.815638882397908382e+00
1.002004008016031955e-01,1.000000000000000056e-01,3.704219472910414090e+00
1.022044088176352616e-01,1.000000000000000000e+00,4.787329977871497277e+00
1.022044088176352616e-01,1.000000000000000056e-01,5.649717153024310434e+00
1.042084168336673278e-01,1.000000000000000000e+00,4.756654191415515598e+00
1.042084168336673278e-01,1.000000000000000056e-01,4.610472066942172376e+00
1.062124248496993939e-01,1.000000000000000000e+00,4.723632422378548412e+00
1.062124248496993939e-01,1.000000000000000056e-01,4.830310067638540872e+00
1.082164328657314600e-01,1.000000000000000000e+00,4.688288374157149718e+00
1.082164328657314600e-01,1.000000000000000056e-01,4.575630731534555906e+00
1.102204408817635123e-01,1.000000000000000000e+00,4.650648520979179246e+00
1.102204408817635123e-01,1.000000000000000056e-01,4.548688826667207863e+00
1.122244488977955784e-01,1.000000000000000000e+00,4.610742069767281848e+00
1.122244488977955784e-01,1.000000000000000056e-01,4.950781428105050175e+00
1.142284569138276445e-01,1.000000000000000000e+00,4.568600917188961219e+00
1.142284569138276445e-01,1.000000000000000056e-01,3.495047337405561727e+00
1.162324649298597107e-01,1.000000000000000000e+00,4.524259602011442283e+00
1.162324649298597107e-01,1.000000000000000056e-01,1.442580344799763825e+00
1.182364729458917768e-01,1.000000000000000000e+00,4.477755252890634807e+00
1.182364729458917768e-01,1.000000000000000056e-01,4.115160615715286241e+00
1.202404809619238429e-01,1.000000000000000000e+00,4.429127531734114775e+00
1.202404809619238429e-01,1.000000000000000056e-01,5.684757971614205374e+00
1.222444889779558952e-01,1.000000000000000000e+00,4.378418572788142171e+00
1.222444889779558952e-01,1.000000000000000056e-01,3.485981757131356940e+00
1.242484969939879613e-01,1.000000000000000000e+00,4.325672917608148538e+00
1.242484969939879613e-01,1.000000000000000056e-01,5.706026794256381152e+00
1.262525050100200275e-01,1.000000000000000000e+00,4.270937446081036981e+00
1.262525050100200275e-01,1.000000000000000056e-01,3.933757281655674287e+00
1.282565130260520936e-01,1.000000000000000000e+00,4.214261303675787218e+00
1.282565130260520936e-01,1.000000000000000056e-01,3.905157719803710847e+00
1.302605210420841597e-01,1.000000000000000000e+00,4.155695825106445973e+00
1.302605210420841597e-01,1.000000000000000056e-01,5.524213285848525778e+00
1.322645290581162258e-01,1.000000000000000000e+00,4.095294454598383815e+00
1.322645290581162258e-01,1.000000000000000056e-01,3.816497631921143885e+00
1.342685370741482920e-01,1.000000000000000000e+00,4.033112662954920324e+00
1.342685370741482920e-01,1.000000000000000056e-01,3.672089475355084787e+00
1.362725450901803581e-01,1.000000000000000000e+00,3.969207861626785405e+00
1.362725450901803581e-01,1.000000000000000056e-01,5.074110410506481372e+00
1.382765531062124242e-01,1.000000000000000000e+00,3.903639313991693172e+00
1.382765531062124242e-01,1.000000000000000056e-01,3.580989391449286519e+00
1.402805611222444904e-01,1.000000000000000000e+00,3.836468044055239002e+00
1.402805611222444904e-01,1.000000000000000056e-01,5.089501422933071062e+00
1.422845691382765287e-01,1.000000000000000000e+00,3.767756742787629953e+00
1.422845691382765287e-01,1.000000000000000056e-01,3.869319297741374619e+00
1.442885771543085949e-01,1.000000000000000000e+00,3.697569672313314015e+00
1.442885771543085949e-01,1.000000000000000056e-01,3.863962152552987916e+00
1.462925851703406610e-01,1.000000000000000000e+00,3.625972568172400656e+00
1.462925851703406610e-01,1.000000000000000056e-01,4.231488927585746573e+00
1.482965931863727271e-01,1.000000000000000000e+00,3.553032539873858031e+00
1.482965931863727271e-01,1.000000000000000056e-01,4.584072940517541106e+00
1.503006012024047933e-01,1.000000000000000000e+00,3.478817969960919854e+00
1.503006012024047933e-01,1.000000000000000056e-01,2.736628086385845204e+00
1.523046092184368594e-01,1.000000000000000000e+00,3.403398411808848500e+00
1.523046092184368594e-01,1.000000000000000056e-01,3.249034948263544109e+00
1.543086172344689255e-01,1.000000000000000000e+00,3.326844486374262111e+00
1.543086172344689255e-01,1.000000000000000056e-01,1.695426068868168157e+00
1.563126252505009917e-01,1.000000000000000000e+00,3.249227778113627174e+00
1.563126252505009917e-01,1.000000000000000056e-01,3.225545235570283609e+00
1.583166332665330578e-01,1.000000000000000000e+00,3.170620730286316302e+00
1.583166332665330578e-01,1.000000000000000056e-01,3.025052788778600732e+00
1.603206412825651239e-01,1.000000000000000000e+00,3.091096539854794045e+00
1.603206412825651239e-01,1.000000000000000056e-01,3.342616074363147227e+00
1.623246492985971901e-01,1.000000000000000000e+00,3.010729052191082999e+00
1.623246492985971901e-01,1.000000000000000056e-01,1.130636960985688999e+00
1.643286573146292562e-01,1.000000000000000000e+00,2.929592655794727385e+00
1.643286573146292562e-01,1.000000000000000056e-01,2.238306164295472467e+00
1.663326653306613223e-01,1.000000000000000000e+00,2.847762177222969981e+00
1.663326653306613223e-01,1.000000000000000056e-01,3.719326397673595963e+00
1.683366733466933607e-01,1.000000000000000000e+00,2.765312776428944463e+00
1.683366733466933607e-01,1.000000000000000056e-01,2.996045222222467608e+00
1.703406813627254268e-01,1.000000000000000000e+00,2.682319842698219770e+00
1.703406813627254268e-01,1.000000000000000056e-01,1.124460744610424889e+00
1.723446893787574929e-01,1.000000000000000000e+00,2.598858891368274193e+00
1.723446893787574929e-01,1.000000000000000056e-01,1.717036937012616615e+00
1.743486973947895591e-01,1.000000000000000000e+00,2.515005461509197460e+00
1.743486973947895591e-01,1.000000000000000056e-01,1.437918333135235649e+00
1.763527054108216252e-01,1.000000000000000000e+00,2.430835014737425581e+00
1.763527054108216252e-01,1.000000000000000056e-01,1.138252223278035880e+00
1.783567134268536913e-01,1.000000000000000000e+00,2.346422835327429457e+00
1.783567134268536913e-01,1.000000000000000056e-01,3.763737385333047580e+00
1.803607214428857575e-01,1.000000000000000000e+00,2.261843931779152328e+00
1.803607214428857575e-01,1.000000000000000056e-01,2.132136574633124226e+00
1.823647294589178236e-01,1.000000000000000000e+00,2.177172939991643297e+00
1.823647294589178236e-01,1.000000000000000056e-01,7.708310787214474047e-01
1.843687374749498897e-01,1.000000000000000000e+00,2.092484028185787270e+00
1.843687374749498897e-01,1.000000000000000056e-01,3.334001839835910808e+00
1.863727454909819559e-01,1.000000000000000000e+00,2.007850803711307641e+00
1.863727454909819559e-01,1.000000000000000056e-01,2.405888826206829645e+00
1.883767535070140220e-01,1.000000000000000000e+00,1.923346221865437355e+00
1.883767535070140220e-01,1.000000000000000056e-01,1.739590294511310864e+00
1.903807615230460881e-01,1.000000000000000000e+00,1.839042496842709706e+00
1.903807615230460881e-01,1.000000000000000056e-01,1.430952089953146045e+00
1.923847695390781265e-01,1.000000000000000000e+00,1.755011014927414736e+00
1.923847695390781265e-01,1.000000000000000056e-01,1.405691356685068616e+00
1.943887775551101926e-01,1.000000000000000000e+00,1.671322250032272638e+00
1.943887775551101926e-01,1.000000000000000056e-01,1.994597211315314311e+00
1.963927855711422588e-01,1.000000000000000000e+00,1.588045681679000065e+00
1.963927855711422588e-01,1.000000000000000056e-01,2.487242630196014659e+00
1.983967935871743249e-01,1.000000000000000000e+00,1.505249715508502950e+00
1.983967935871743249e-01,1.000000000000000056e-01,-2.184635874922402632e-01
2.004008016032063910e-01,1.000000000000000000e+00,1.423001606400690067e+00
2.004008016032063910e-01,1.000000000000000056e-01,9.026774665763689365e-01
2.024048096192384572e-01,1.000000000000000000e+00,1.341367384276217489e+00
2.024048096192384572e-01,1.000000000000000056e-01,2.060400169124743996e+00
2.044088176352705233e-01,1.000000000000000000e+00,1.260411782644939471e+00
2.044088176352705233e-01,1.000000000000000056e-01,1.170331503292319830e+00
2.064128256513025894e-01,1.000000000000000000e+00,1.180198169958465382e+00
2.064128256513025894e-01,1.000000000000000056e-01,2.943304950821733712e+00
2.084168336673346555e-01,1.000000000000000000e+00,1.100788483817095820e+00
2.084168336673346555e-01,1.000000000000000056e-01,2.958573759953468496e+00
2.104208416833667217e-01,1.000000000000000000e+00,1.022243168074382869e+00
2.104208416833667217e-01,1.000000000000000056e-01,9.585604404252164867e-01
2.124248496993987878e-01,1.000000000000000000e+00,9.446211128759258724e-01
2.124248496993987878e-01,1.000000000000000056e-01,-5.799869636385113214e-01
2.144288577154308539e-01,1.000000000000000000e+00,8.679795976624207210e-01
2.144288577154308539e-01,1.000000000000000056e-01,4.263990584473932866e-01
2.164328657314629201e-01,1.000000000000000000e+00,7.923742371608901713e-01
2.164328657314629201e-01,1.000000000000000056e-01,-1.020597044396045483e-01
2.184368737474949584e-01,1.000000000000000000e+00,7.178589303819693512e-01
2.184368737474949584e-01,1.000000000000000056e-01,1.235421135119543434e+00
2.204408817635270246e-01,1.000000000000000000e+00,6.444858126355468286e-01
2.204408817635270246e-01,1.000000000000000056e-01,1.675943269865489693e+00
2.224448897795590907e-01,1.000000000000000000e+00,5.723052105716528448e-01
2.224448897795590907e-01,1.000000000000000056e-01,2.089830425263731750e-01
2.244488977955911568e-01,1.000000000000000000e+00,5.013656002484504493e-01
2.244488977955911568e-01,1.000000000000000056e-01,8.129737225462707606e-01
2.264529058116232230e-01,1.000000000000000000e+00,4.317135682243897765e-01
2.264529058116232230e-01,1.000000000000000056e-01,3.189786337240252401e-01
2.284569138276552891e-01,1.000000000000000000e+00,3.633937756671772323e-01
2.284569138276552891e-01,1.000000000000000056e-01,9.267285489168100021e-01
2.304609218436873552e-01,1.000000000000000000e+00,2.964489254679886221e-01
2.304609218436873552e-01,1.000000000000000056e-01,-1.294039642340927276e-02
2.324649298597194214e-01,1.000000000000000000e+00,2.309197323455768058e-01
2.324649298597194214e-01,1.000000000000000056e-01,1.015716087475222684e+00
2.344689378757514875e-01,1.000000000000000000e+00,1.668448959212617266e-01
2.344689378757514875e-01,1.000000000000000056e-01,2.102246547003668642e+00
2.364729458917835536e-01,1.000000000000000000e+00,1.042610767426251916e-01
2.364729458917835536e-01,1.000000000000000056e-01,3.366564843644548333e-01
2.384769539078156197e-01,1.000000000000000000e+00,4.320287523062060764e-02
2.384769539078156197e-01,1.000000000000000056e-01,-1.863219925204123023e-02
2.404809619238476859e-01,1.000000000000000000e+00,-1.629718647781208674e-02
2.404809619238476859e-01,1.000000000000000056e-01,-1.345389142225396961e+00
2.424849699398797520e-01,1.000000000000000000e+00,-7.420867982211459823e-02
2.424849699398797520e-01,1.000000000000000056e-01,5.319763218469772958e-01
2.444889779559117904e-01,1.000000000000000000e+00,-1.305032822780725632e-01
2.444889779559117904e-01,1.000000000000000056e-01,1.221834600909350033e-01
2.464929859719438565e-01,1.000000000000000000e+00,-1.851547870200884738e-01
2.464929859719438565e-01,1.000000000000000056e-01,3.286207266204280164e-02
2.484969939879759226e-01,1.000000000000000000e+00,-2.381391098221624092e-01
2.484969939879759226e-01,1.000000000000000056e-01,5.888544677860358956e-01
2.505010020040079888e-01,1.000000000000000000e+00,-2.894342932356360198e-01
2.505010020040079888e-01,1.000000000000000056e-01,5.105707114735951180e-01
2.525050100200400549e-01,1.000000000000000000e+00,-3.390205080831342754e-01
2.525050100200400549e-01,1.000000000000000056e-01,9.176710003302086527e-01
2.545090180360721210e-01,1.000000000000000000e+00,-3.868800523093434141e-01
2.545090180360721210e-01,1.000000000000000056e-01,3.604184399575535158e-01
2.565130260521041872e-01,1.000000000000000000e+00,-4.329973472304203264e-01
2.565130260521041872e-01,1.000000000000000056e-01,1.566380800098067239e+00
2.585170340681362533e-01,1.000000000000000000e+00,-4.773589312247097372e-01
2.585170340681362533e-01,1.000000000000000056e-01,-4.680206768810944440e-01
2.605210420841683194e-01,1.000000000000000000e+00,-5.199534509083745260e-01
2.605210420841683194e-01,1.000000000000000056e-01,-1.863035795358446989e-01
2.625250501002003856e-01,1.000000000000000000e+00,-5.607716498402224303e-01
2.625250501002003856e-01,1.000000000000000056e-01,-1.471085859765727921e+00
2.645290581162324517e-01,1.000000000000000000e+00,-5.998063548007688262e-01
2.645290581162324517e-01,1.000000000000000056e-01,-2.010062822790487758e+00
2.665330661322645178e-01,1.000000000000000000e+00,-6.370524596911297799e-01
2.665330661322645178e-01,1.000000000000000056e-01,-1.024791562184060201e+00
2.685370741482965840e-01,1.000000000000000000e+00,-6.725069070979924346e-01
2.685370741482965840e-01,1.000000000000000056e-01,-8.238590307737205798e-01
2.705410821643286501e-01,1.000000000000000000e+00,-7.061686675713937378e-01
2.705410821643286501e-01,1.000000000000000056e-01,-9.802562187199110877e-01
2.725450901803607162e-01,1.000000000000000000e+00,-7.380387166626742879e-01
2.725450901803607162e-01,1.000000000000000056e-01,-1.575091951647603850e+00
2.745490981963927823e-01,1.000000000000000000e+00,-7.681200097704569130e-01
2.745490981963927823e-01,1.000000000000000056e-01,-9.857197510597945911e-01
2.765531062124248485e-01,1.000000000000000000e+00,-7.964174548431381950e-01
2.765531062124248485e-01,1.000000000000000056e-01,-4.812895485264382933e-01
2.785571142284569146e-01,1.000000000000000000e+00,-8.229378829869564704e-01
2.785571142284569146e-01,1.000000000000000056e-01,3.660851695556648355e-01
2.805611222444889807e-01,1.000000000000000000e+00,-8.476900170293919512e-01
2.805611222444889807e-01,1.000000000000000056e-01,2.244780405833092907e+00
2.825651302605209914e-01,1.000000000000000000e+00,-8.706844380883402845e-01
2.825651302605209914e-01,1.000000000000000056e-01,6.167956151017139899e-02
2.845691382765530575e-01,1.000000000000000000e+00,-8.919335501983174375e-01
2.845691382765530575e-01,1.000000000000000056e-01,9.977643845182300186e-01
2.865731462925851236e-01,1.000000000000000000e+00,-9.114515430457724721e-01
2.865731462925851236e-01,1.000000000000000056e-01,-7.339419095960389994e-01
2.885771543086171897e-01,1.000000000000000000e+00,-9.292543528665586638e-01
2.885771543086171897e-01,1.000000000000000056e-01,8.253762427141251301e-01
2.905811623246492559e-01,1.000000000000000000e+00,-9.453596215596076213e-01
2.905811623246492559e-01,1.000000000000000056e-01,-1.962463430026399891e+00
2.925851703406813220e-01,1.000000000000000000e+00,-9.597866540719670603e-01
2.925851703406813220e-01,1.000000000000000056e-01,-1.109231574612671967e+00
2.945891783567133881e-01,1.000000000000000000e+00,-9.725563741115743621e-01
2.945891783567133881e-01,1.000000000000000056e-01,-5.652450104662627428e-01
2.965931863727454543e-01,1.000000000000000000e+00,-9.836912782454133586e-01
2.965931863727454543e-01,1.000000000000000056e-01,-2.530008938726723056e+00
2.985971943887775204e-01,1.000000000000000000e+00,-9.932153884420944490e-01
2.985971943887775204e-01,1.000000000000000056e-01,-1.241461258089435304e+00
3.006012024048095865e-01,1.000000000000000000e+00,-1.001154203119364094e+00
3.006012024048095865e-01,1.000000000000000056e-01,-5.404665894970276385e-01
3.026052104208416527e-01,1.000000000000000000e+00,-1.007534646758603269e+00
3.026052104208416527e-01,1.000000000000000056e-01,-4.064827373302016822e-01
3.046092184368737188e-01,1.000000000000000000e+00,-1.012385018150010030e+00
3.046092184368737188e-01,1.000000000000000056e-01,6.262858372071984370e-01
3.066132264529057849e-01,1.000000000000000000e+00,-1.015734937333860666e+00
3.066132264529057849e-01,1.000000000000000056e-01,-1.939719840249250815e+00
3.086172344689378511e-01,1.000000000000000000e+00,-1.017615291305023151e+00
3.086172344689378511e-01,1.000000000000000056e-01,2.943215249684283386e-02
3.106212424849699172e-01,1.000000000000000000e+00,-1.018058178549715365e+00
3.106212424849699172e-01,1.000000000000000056e-01,-1.301872055748680257e+00
3.126252505010019833e-01,1.000000000000000000e+00,-1.017096852485372072e+00
3.126252505010019833e-01,1.000000000000000056e-01,-2.521824224865528707e-01
3.146292585170340494e-01,1.000000000000000000e+00,-1.014765663876398438e+00
3.146292585170340494e-01,1.000000000000000056e-01,1.536132129088906062e+00
3.166332665330661156e-01,1.000000000000000000e+00,-1.011100002300507006e+00
3.166332665330661156e-01,1.000000000000000056e-01,-1.124310310485307163e+00
3.186372745490981817e-01,1.000000000000000000e+00,-1.006136236742281032e+00
3.186372745490981817e-01,1.000000000000000056e-01,-3.314321080584170076e+00
3.206412825651302478e-01,1.000000000000000000e+00,-9.999116553925365691e-01
3.206412825651302478e-01,1.000000000000000056e-01,-1.164562569263378311e+00
3.226452905811623140e-01,1.000000000000000000e+00,-9.924644047339760133e-01
3.226452905811623140e-01,1.000000000000000056e-01,5.622803636196657129e-01
3.246492985971943801e-01,1.000000000000000000e+00,-9.838334279955053274e-01
3.246492985971943801e-01,1.000000000000000056e-01,-3.901528541307610620e-01
3.266533066132264462e-01,1.000000000000000000e+00,-9.740584030594245935e-01
3.266533066132264462e-01,1.000000000000000056e-01,-1.416782007029476098e+00
3.286573146292585124e-01,1.000000000000000000e+00,-9.631796799074736626e-01
3.286573146292585124e-01,1.000000000000000056e-01,-1.684046188051341542e+00
3.306613226452905785e-01,1.000000000000000000e+00,-9.512382176934038869e-01
3.306613226452905785e-01,1.000000000000000056e-01,-9.941215527964044618e-01
3.326653306613226446e-01,1.000000000000000000e+00,-9.382755215313449693e-01
3.326653306613226446e-01,1.000000000000000056e-01,-1.545120929126030607e+00
3.346693386773546552e-01,1.000000000000000000e+00,-9.243335790907253324e-01
3.346693386773546552e-01,1.000000000000000056e-01,-3.006959443526710629e+00
3.366733466933867214e-01,1.000000000000000000e+00,-9.094547970898617661e-01
3.366733466933867214e-01,1.000000000000000056e-01,-3.258646486091588024e+00
3.386773547094187875e-01,1.000000000000000000e+00,-8.936819377815612420e-01
3.386773547094187875e-01,1.000000000000000056e-01,4.784842257570787183e-02
3.406813627254508536e-01,1.000000000000000000e+00,-8.770580555251231702e-01
3.406813627254508536e-01,1.000000000000000056e-01,-3.162501135337695501e+00
3.426853707414829198e-01,1.000000000000000000e+00,-8.596264335400555234e-01
3.426853707414829198e-01,1.000000000000000056e-01,-7.038227504772038845e-01
3.446893787575149859e-01,1.000000000000000000e+00,-8.414305209375008143e-01
3.446893787575149859e-01,1.000000000000000056e-01,-1.597103672513460193e+00
3.466933867735470520e-01,1.000000000000000000e+00,-8.225138701259000484e-01
3.466933867735470520e-01,1.000000000000000056e-01,-1.364610331583758551e+00
3.486973947895791182e-01,1.000000000000000000e+00,-8.029200746877267481e-01
3.486973947895791182e-01,1.000000000000000056e-01,-9.222097347722284510e-01
3.507014028056111843e-01,1.000000000000000000e+00,-7.826927078242152946e-01
3.507014028056111843e-01,1.000000000000000056e-01,-1.082194942268360771e+00
3.527054108216432504e-01,1.000000000000000000e+00,-7.618752614648571786e-01
3.527054108216432504e-01,1.000000000000000056e-01,-3.899627184501930355e-01
3.547094188376753165e-01,1.000000000000000000e+00,-7.405110861380868048e-01
3.547094188376753165e-01,1.000000000000000056e-01,-2.357544837546970307e+00
3.567134268537073827e-01,1.000000000000000000e+00,-7.186433316989258024e-01
3.567134268537073827e-01,1.000000000000000056e-01,4.664652027812457025e-01
3.587174348697394488e-01,1.000000000000000000e+00,-6.963148890085114617e-01
3.587174348697394488e-01,1.000000000000000056e-01,4.983329283107219565e-01
3.607214428857715149e-01,1.000000000000000000e+00,-6.735683326592828424e-01
3.607214428857715149e-01,1.000000000000000056e-01,-2.250854997636745569e+00
3.627254509018035811e-01,1.000000000000000000e+00,-6.504458648382254182e-01
3.627254509018035811e-01,1.000000000000000056e-01,-2.131664673952528677e+00
3.647294589178356472e-01,1.000000000000000000e+00,-6.269892604189063468e-01
3.647294589178356472e-01,1.000000000000000056e-01,3.042297039639829670e-01
3.667334669338677133e-01,1.000000000000000000e+00,-6.032398133711321941e-01
3.667334669338677133e-01,1.000000000000000056e-01,-4.932626818265742896e-01
3.687374749498997795e-01,1.000000000000000000e+00,-5.792382845748584863e-01
3.687374749498997795e-01,1.000000000000000056e-01,2.105939652075856650e-01
3.707414829659318456e-01,1.000000000000000000e+00,-5.550248511225629455e-01
3.707414829659318456e-01,1.000000000000000056e-01,-1.659359826725615328e+00
3.727454909819639117e-01,1.000000000000000000e+00,-5.306390571915629017e-01
3.727454909819639117e-01,1.000000000000000056e-01,-8.411061157821778655e-01
3.747494989979959779e-01,1.000000000000000000e+00,-5.061197665648243804e-01
3.747494989979959779e-01,1.000000000000000056e-01,1.103270995843613100e+00
3.767535070140280440e-01,1.000000000000000000e+00,-4.815051168755822841e-01
3.767535070140280440e-01,1.000000000000000056e-01,-5.745847010561097035e-01
3.787575150300601101e-01,1.000000000000000000e+00,-4.568324756476620507e-01
3.787575150300601101e-01,1.000000000000000056e-01,-8.929865300628607727e-01
3.807615230460921762e-01,1.000000000000000000e+00,-4.321383981996856916e-01
3.807615230460921762e-01,1.000000000000000056e-01,-5.594237782340509835e-01
3.827655310621242424e-01,1.000000000000000000e+00,-4.074585874774655503e-01
3.827655310621242424e-01,1.000000000000000056e-01,-1.701353661106724591e+00
3.847695390781562530e-01,1.000000000000000000e+00,-3.828278558747429949e-01
3.847695390781562530e-01,1.000000000000000056e-01,-3.234671798229967754e-01
3.867735470941883191e-01,1.000000000000000000e+00,-3.582800890981240327e-01
3.867735470941883191e-01,1.000000000000000056e-01,8.620122216339413113e-01
3.887775551102203853e-01,1.000000000000000000e+00,-3.338482121275562209e-01
3.887775551102203853e-01,1.000000000000000056e-01,-1.216239660966521363e+00
3.907815631262524514e-01,1.000000000000000000e+00,-3.095641573189864548e-01
3.907815631262524514e-01,1.000000000000000056e-01,8.619393654430269613e-01
3.927855711422845175e-01,1.000000000000000000e+00,-2.854588346910292840e-01
3.927855711422845175e-01,1.000000000000000056e-01,-2.951851662576741586e-01
3.947895791583165837e-01,1.000000000000000000e+00,-2.615621044324575317e-01
3.947895791583165837e-01,1.000000000000000056e-01,-1.664085141407552371e+00
3.967935871743486498e-01,1.000000000000000000e+00,-2.379027516622517213e-01
3.967935871743486498e-01,1.000000000000000056e-01,-2.108076755977464078e-01
3.987975951903807159e-01,1.000000000000000000e+00,-2.145084634686823533e-01
3.987975951903807159e-01,1.000000000000000056e-01,1.321560363367075386e+00
4.008016032064127820e-01,1.000000000000000000e+00,-1.914058082486385093e-01
4.008016032064127820e-01,1.000000000000000056e-01,-7.953470740573395092e-01
4.028056112224448482e-01,1.000000000000000000e+00,-1.686202173629829382e-01
4.028056112224448482e-01,1.000000000000000056e-01,3.490302683910544435e-01
4.048096192384769143e-01,1.000000000000000000e+00,-1.461759691183287524e-01
4.048096192384769143e-01,1.000000000000000056e-01,-9.041438843443080353e-01
4.068136272545089804e-01,1.000000000000000000e+00,-1.240961750801186092e-01
4.068136272545089804e-01,1.000000000000000056e-01,6.256704818623681774e-01
4.088176352705410466e-01,1.000000000000000000e+00,-1.024027687164343892e-01
4.088176352705410466e-01,1.000000000000000056e-01,5.143421764374159211e-02
4.108216432865731127e-01,1.000000000000000000e+00,-8.111649636647944028e-02
4.108216432865731127e-01,1.000000000000000056e-01,-2.172723809168475989e-02
4.128256513026051788e-01,1.000000000000000000e+00,-6.025691052220716326e-02
4.128256513026051788e-01,1.000000000000000056e-01,-3.529005894357384876e-01
4.148296593186372450e-01,1.000000000000000000e+00,-3.984236540618146805e-02
4.148296593186372450e-01,1.000000000000000056e-01,6.304816196686415797e-01
4.168336673346693111e-01,1.000000000000000000e+00,-1.989001482338970117e-02
4.168336673346693111e-01,1.000000000000000056e-01,-7.426546263600197761e-01
4.188376753507013772e-01,1.000000000000000000e+00,-4.158122594819513296e-04
4.188376753507013772e-01,1.000000000000000056e-01,-6.519553554797102857e-01
4.208416833667334433e-01,1.000000000000000000e+00,1.856548680727621026e-02
4.208416833667334433e-01,1.000000000000000056e-01,1.279335329728876758e+00
4.228456913827655095e-01,1.000000000000000000e+00,3.704032041807081566e-02
4.228456913827655095e-01,1.000000000000000056e-01,-8.113189556754291099e-01
4.248496993987975756e-01,1.000000000000000000e+00,5.499631351228972953e-02
4.248496993987975756e-01,1.000000000000000056e-01,1.079713948512867505e+00
4.268537074148296417e-01,1.000000000000000000e+00,7.242226922034833425e-02
4.268537074148296417e-01,1.000000000000000056e-01,-1.319031787559409863e-01
4.288577154308617079e-01,1.000000000000000000e+00,8.930815812260384234e-02
4.288577154308617079e-01,1.000000000000000056e-01,1.315298125167722876e-01
4.308617234468937740e-01,1.000000000000000000e+00,1.056451055307355835e-01
4.308617234468937740e-01,1.000000000000000056e-01,-1.159428920053743539e+00
4.328657314629258401e-01,1.000000000000000000e+00,1.214253768521970089e-01
4.328657314629258401e-01,1.000000000000000056e-01,7.955718367828026327e-01
4.348697394789579063e-01,1.000000000000000000e+00,1.366423611023097617e-01
4.348697394789579063e-01,1.000000000000000056e-01,4.577006924561824452e-01
4.368737474949899169e-01,1.000000000000000000e+00,1.512905526323589100e-01
4.368737474949899169e-01,1.000000000000000056e-01,6.657671330342529448e-01
4.388777555110219830e-01,1.000000000000000000e+00,1.653655311455513033e-01
4.388777555110219830e-01,1.000000000000000056e-01,3.910108055706671415e-01
4.408817635270540491e-01,1.000000000000000000e+00,1.788639400759781672e-01
4.408817635270540491e-01,1.000000000000000056e-01,-2.291487823459039230e+00
4.428857715430861153e-01,1.000000000000000000e+00,1.917834634087646206e-01
4.428857715430861153e-01,1.000000000000000056e-01,2.115620173413684579e+00
4.448897795591181814e-01,1.000000000000000000e+00,2.041228010223080647e-01
4.448897795591181814e-01,1.000000000000000056e-01,-1.006256858716535252e+00
4.468937875751502475e-01,1.000000000000000000e+00,2.158816426360238294e-01
4.468937875751502475e-01,1.000000000000000056e-01,-3.683317577352381855e-01
4.488977955911823137e-01,1.000000000000000000e+00,2.270606404491952723e-01
4.488977955911823137e-01,1.000000000000000056e-01,3.505786646145674923e-01
4.509018036072143798e-01,1.000000000000000000e+00,2.376613805584599781e-01
4.509018036072143798e-01,1.000000000000000056e-01,-2.347984800949758921e-01
4.529058116232464459e-01,1.000000000000000000e+00,2.476863532430857440e-01
4.529058116232464459e-01,1.000000000000000056e-01,-9.785102401955569906e-01
4.549098196392785121e-01,1.000000000000000000e+00,2.571389222085501691e-01
4.549098196392785121e-01,1.000000000000000056e-01,-5.635016009137098214e-01
4.569138276553105782e-01,1.000000000000000000e+00,2.660232928799753926e-01
4.569138276553105782e-01,1.000000000000000056e-01,1.952291575423226178e+00
4.589178356713426443e-01,1.000000000000000000e+00,2.743444798377505656e-01
4.589178356713426443e-01,1.000000000000000056e-01,-5.240309875490199998e-01
4.609218436873747105e-01,1.000000000000000000e+00,2.821082734881353860e-01
4.609218436873747105e-01,1.000000000000000056e-01,-9.416781865641433713e-01
4.629258517034067766e-01,1.000000000000000000e+00,2.893212060618451931e-01
4.629258517034067766e-01,1.000000000000000056e-01,1.120942335377236532e+00
4.649298597194388427e-01,1.000000000000000000e+00,2.959905170335126456e-01
4.649298597194388427e-01,1.000000000000000056e-01,6.505241594731759891e-01
4.669338677354709088e-01,1.000000000000000000e+00,3.021241180545602978e-01
4.669338677354709088e-01,1.000000000000000056e-01,-1.022602507451654930e+00
4.689378757515029750e-01,1.000000000000000000e+00,3.077305574913702935e-01
4.689378757515029750e-01,1.000000000000000056e-01,-3.948694421739022409e-01
4.709418837675350411e-01,1.000000000000000000e+00,3.128189846597373980e-01
4.709418837675350411e-01,1.000000000000000056e-01,7.486364453892859760e-01
4.729458917835671072e-01,1.000000000000000000e+00,3.173991138454193561e-01
4.729458917835671072e-01,1.000000000000000056e-01,5.976411390431388693e-01
4.749498997995991734e-01,1.000000000000000000e+00,3.214811881991939679e-01
4.749498997995991734e-01,1.000000000000000056e-01,1.271571424194812616e+00
4.769539078156312395e-01,1.000000000000000000e+00,3.250759435931676600e-01
4.769539078156312395e-01,1.000000000000000056e-01,1.830794476957041450e+00
4.789579158316633056e-01,1.000000000000000000e+00,3.281945725232091049e-01
4.789579158316633056e-01,1.000000000000000056e-01,1.168710939736453458e+00
4.809619238476953718e-01,1.000000000000000000e+00,3.308486881402724067e-01
4.809619238476953718e-01,1.000000000000000056e-01,1.129483421399211762e+00
4.829659318637274379e-01,1.000000000000000000e+00,3.330502884910699901e-01
4.829659318637274379e-01,1.000000000000000056e-01,-1.479382631811579474e+00
4.849699398797595040e-01,1.000000000000000000e+00,3.348117210460483384e-01
4.849699398797595040e-01,1.000000000000000056e-01,-5.644383215676074261e-01
4.869739478957915702e-01,1.000000000000000000e+00,3.361456475899426977e-01
4.869739478957915702e-01,1.000000000000000056e-01,-1.096293602083572960e+00
4.889779559118235808e-01,1.000000000000000000e+00,3.370650095473233798e-01
4.889779559118235808e-01,1.000000000000000056e-01,1.806307518635149600e+00
4.909819639278556469e-01,1.000000000000000000e+00,3.375829938125465834e-01
4.909819639278556469e-01,1.000000000000000056e-01,2.550161510076663696e+00
4.929859719438877130e-01,1.000000000000000000e+00,3.377129991503651785e-01
4.929859719438877130e-01,1.000000000000000056e-01,-5.974433725700850628e-02
4.949899799599197792e-01,1.000000000000000000e+00,3.374686032301837391e-01
4.949899799599197792e-01,1.000000000000000056e-01,-1.410847709118220994e+00
4.969939879759518453e-01,1.000000000000000000e+00,3.368635303535489345e-01
4.969939879759518453e-01,1.000000000000000056e-01,-1.158647689758551591e+00
4.989979959919839114e-01,1.000000000000000000e+00,3.359116199309782336e-01
4.989979959919839114e-01,1.000000000000000056e-01,-1.148904413239362210e+00
5.010020040080159776e-01,1.000000000000000000e+00,3.346267957606600119e-01
5.010020040080159776e-01,1.000000000000000056e-01,-3.934721324983152524e-01
5.030060120240480437e-01,1.000000000000000000e+00,3.330230361579158971e-01
5.030060120240480437e-01,1.000000000000000056e-01,-2.652030793947421361e-01
5.050100200400801098e-01,1.000000000000000000e+00,3.311143449806200900e-01
5.050100200400801098e-01,1.000000000000000056e-01,-2.654109699340416739e-01
5.070140280561121759e-01,1.000000000000000000e+00,3.289147235920346080e-01
5.070140280561121759e-01,1.000000000000000056e-01,1.774284671108957268e+00
5.090180360721442421e-01,1.000000000000000000e+00,3.264381437987575740e-01
5.090180360721442421e-01,1.000000000000000056e-01,-2.974563772890770341e-01
5.110220440881763082e-01,1.000000000000000000e+00,3.236985217977060292e-01
5.110220440881763082e-01,1.000000000000000056e-01,1.586973081346731984e+00
5.130260521042083743e-01,1.000000000000000000e+00,3.207096931622778757e-01
5.130260521042083743e-01,1.000000000000000056e-01,1.656281870946167301e+00
5.150300601202404405e-01,1.000000000000000000e+00,3.174853888940853408e-01
5.150300601202404405e-01,1.000000000000000056e-01,4.235229591943051597e-02
5.170340681362725066e-01,1.000000000000000000e+00,3.140392125629082321e-01
5.170340681362725066e-01,1.000000000000000056e-01,5.375781076956704929e-01
5.190380761523045727e-01,1.000000000000000000e+00,3.103846185538340352e-01
5.190380761523045727e-01,1.000000000000000056e-01,1.366207366973693771e-01
5.210420841683366389e-01,1.000000000000000000e+00,3.065348914368983269e-01
5.210420841683366389e-01,1.000000000000000056e-01,1.236488876461132591e+00
5.230460921843687050e-01,1.000000000000000000e+00,3.025031264709664436e-01
5.230460921843687050e-01,1.000000000000000056e-01,2.602461057888319829e+00
5.250501002004007711e-01,1.000000000000000000e+00,2.983022112500862688e-01
5.250501002004007711e-01,1.000000000000000056e-01,7.094797230887648354e-01
5.270541082164328373e-01,1.000000000000000000e+00,2.939448084971208464e-01
5.270541082164328373e-01,1.000000000000000056e-01,8.600606327863991041e-01
5.290581162324649034e-01,1.000000000000000000e+00,2.894433400061360850e-01
5.290581162324649034e-01,1.000000000000000056e-01,2.642603152330381122e-01
5.310621242484969695e-01,1.000000000000000000e+00,2.848099717317901791e-01
5.310621242484969695e-01,1.000000000000000056e-01,-1.385922988627558805e+00
5.330661322645290356e-01,1.000000000000000000e+00,2.800566000208520312e-01
5.330661322645290356e-01,1.000000000000000056e-01,1.004414487855310067e+00
5.350701402805611018e-01,1.000000000000000000e+00,2.751948389779747539e-01
5.350701402805611018e-01,1.000000000000000056e-01,6.584138901305325309e-01
5.370741482965931679e-01,1.000000000000000000e+00,2.702360089549666888e-01
5.370741482965931679e-01,1.000000000000000056e-01,2.644231409211578177e-01
5.390781563126252340e-01,1.000000000000000000e+00,2.651911261500616290e-01
5.390781563126252340e-01,1.000000000000000056e-01,1.537652880390702137e+00
5.410821643286573002e-01,1.000000000000000000e+00,2.600708933010691393e-01
5.410821643286573002e-01,1.000000000000000056e-01,-1.293744029087392722e+00
5.430861723446893663e-01,1.000000000000000000e+00,2.548856914538218943e-01
5.430861723446893663e-01,1.000000000000000056e-01,3.237366794972296180e-01
5.450901803607214324e-01,1.000000000000000000e+00,2.496455727849997142e-01
5.450901803607214324e-01,1.000000000000000056e-01,6.535927413480551174e-01
5.470941883767534986e-01,1.000000000000000000e+00,2.443602544562379075e-01
5.470941883767534986e-01,1.000000000000000056e-01,3.255817114479181429e-01
5.490981963927855647e-01,1.000000000000000000e+00,2.390391134743880541e-01
5.490981963927855647e-01,1.000000000000000056e-01,-4.692467382245694707e-01
5.511022044088176308e-01,1.000000000000000000e+00,2.336911825309324620e-01
5.511022044088176308e-01,1.000000000000000056e-01,-3.067757732863084508e-01
5.531062124248496970e-01,1.000000000000000000e+00,2.283251467918147315e-01
5.531062124248496970e-01,1.000000000000000056e-01,3.728024492477791663e-01
5.551102204408817631e-01,1.000000000000000000e+00,2.229493416073895229e-01
5.551102204408817631e-01,1.000000000000000056e-01,-1.893513546199409869e-01
5.571142284569138292e-01,1.000000000000000000e+00,2.175717511107698732e-01
5.571142284569138292e-01,1.000000000000000056e-01,-8.904275054984313043e-01
5.591182364729458953e-01,1.000000000000000000e+00,2.122000076715926387e-01
5.591182364729458953e-01,1.000000000000000056e-01,-2.361651467720454534e+00
5.611222444889779615e-01,1.000000000000000000e+00,2.068413921711043657e-01
5.611222444889779615e-01,1.000000000000000056e-01,1.939674480995076555e+00
5.631262525050100276e-01,1.000000000000000000e+00,2.015028350635145182e-01
5.631262525050100276e-01,1.000000000000000056e-01,7.302011849473249994e-01
5.651302605210419827e-01,1.000000000000000000e+00,1.961909181877467823e-01
5.651302605210419827e-01,1.000000000000000056e-01,3.984912447871711838e-01
5.671342685370740488e-01,1.000000000000000000e+00,1.909118772930541719e-01
5.671342685370740488e-01,1.000000000000000056e-01,1.417753734691591383e+00
5.691382765531061150e-01,1.000000000000000000e+00,1.856716052414364992e-01
5.691382765531061150e-01,1.000000000000000056e-01,-3.001545235148208035e-01
5.711422845691381811e-01,1.000000000000000000e+00,1.804756558494099994e-01
5.711422845691381811e-01,1.000000000000000056e-01,8.403014392451214898e-02
5.731462925851702472e-01,1.000000000000000000e+00,1.753292483314343453e-01
5.731462925851702472e-01,1.000000000000000056e-01,-1.049443651529517130e+00
5.751503006012023134e-01,1.000000000000000000e+00,1.702372723071706451e-01
5.751503006012023134e-01,1.000000000000000056e-01,7.630094645992385738e-01
5.771543086172343795e-01,1.000000000000000000e+00,1.652042933347540044e-01
5.771543086172343795e-01,1.000000000000000056e-01,1.171579133496133185e+00
5.791583166332664456e-01,1.000000000000000000e+00,1.602345589323835306e-01
5.791583166332664456e-01,1.000000000000000056e-01,-5.866490239994159861e-02
5.811623246492985118e-01,1.000000000000000000e+00,1.553320050507769334e-01
5.811623246492985118e-01,1.000000000000000056e-01,-2.722700879291086729e-01
5.831663326653305779e-01,1.000000000000000000e+00,1.505002629593745755e-01
5.831663326653305779e-01,1.000000000000000056e-01,3.427832427056666909e+00
5.851703406813626440e-01,1.000000000000000000e+00,1.457426665096399343e-01
5.851703406813626440e-01,1.000000000000000056e-01,9.581132037143295088e-01
5.871743486973947102e-01,1.000000000000000000e+00,1.410622597393446642e-01
5.871743486973947102e-01,1.000000000000000056e-01,1.974236024025950664e+00
5.891783567134267763e-01,1.000000000000000000e+00,1.364618047823722147e-01
5.891783567134267763e-01,1.000000000000000056e-01,-1.246537566158692822e+00
5.911823647294588424e-01,1.000000000000000000e+00,1.319437900492941851e-01
5.911823647294588424e-01,1.000000000000000056e-01,-6.436521842851250508e-01
5.931863727454909085e-01,1.000000000000000000e+00,1.275104386447845073e-01
5.931863727454909085e-01,1.000000000000000056e-01,-1.480126284136890291e+00
5.951903807615229747e-01,1.000000000000000000e+00,1.231637169888095684e-01
5.951903807615229747e-01,1.000000000000000056e-01,-5.168082574150733022e-01
5.971943887775550408e-01,1.000000000000000000e+00,1.189053436094812122e-01
5.971943887775550408e-01,1.000000000000000056e-01,2.065289054996869211e+00
5.991983967935871069e-01,1.000000000000000000e+00,1.147367980764586320e-01
5.991983967935871069e-01,1.000000000000000056e-01,7.500954399612339563e-01
6.012024048096191731e-01,1.000000000000000000e+00,1.106593300448494299e-01
6.012024048096191731e-01,1.000000000000000056e-01,8.676404281732611468e-01
6.032064128256512392e-01,1.000000000000000000e+00,1.066739683806613298e-01
6.032064128256512392e-01,1.000000000000000056e-01,1.274244736292002855e+00
6.052104208416833053e-01,1.000000000000000000e+00,1.027815303400096691e-01
6.052104208416833053e-01,1.000000000000000056e-01,-4.943794064593386439e-01
6.072144288577153715e-01,1.000000000000000000e+00,9.898263077546286259e-02
6.072144288577153715e-01,1.000000000000000056e-01,9.949359056988002492e-02
6.092184368737474376e-01,1.000000000000000000e+00,9.527769134412700236e-02
6.092184368737474376e-01,1.000000000000000056e-01,-5.615487411320423394e-01
6.112224448897795037e-01,1.000000000000000000e+00,9.166694969330499432e-02
6.112224448897795037e-01,1.000000000000000056e-01,-8.474143480247624538e-01
6.132264529058115698e-01,1.000000000000000000e+00,8.815046860082510760e-02
6.132264529058115698e-01,1.000000000000000056e-01,-8.877507691430305270e-01
6.152304609218436360e-01,1.000000000000000000e+00,8.472814504839835947e-02
6.152304609218436360e-01,1.000000000000000056e-01,1.850040924406162413e+00
6.172344689378757021e-01,1.000000000000000000e+00,8.139971920764585422e-02
6.172344689378757021e-01,1.000000000000000056e-01,1.276635777549559869e-01
6.192384769539077682e-01,1.000000000000000000e+00,7.816478331971586646e-02
6.192384769539077682e-01,1.000000000000000056e-01,1.402497733460087437e+00
6.212424849699398344e-01,1.000000000000000000e+00,7.502279045069032426e-02
6.212424849699398344e-01,1.000000000000000056e-01,3.287209704713693448e+00
6.232464929859719005e-01,1.000000000000000000e+00,7.197306310625066483e-02
6.232464929859719005e-01,1.000000000000000056e-01,7.448164956516825086e-01
6.252505010020039666e-01,1.000000000000000000e+00,6.901480169033864798e-02
6.252505010020039666e-01,1.000000000000000056e-01,8.835825478420674672e-01
6.272545090180360328e-01,1.000000000000000000e+00,6.614709279379309137e-02
6.272545090180360328e-01,1.000000000000000056e-01,1.896267785436303588e-01
6.292585170340680989e-01,1.000000000000000000e+00,6.336891730017644997e-02
6.292585170340680989e-01,1.000000000000000056e-01,1.322058839279849352e+00
6.312625250501001650e-01,1.000000000000000000e+00,6.067915829720908760e-02
6.312625250501001650e-01,1.000000000000000056e-01,1.747881734004648635e+00
6.332665330661322312e-01,1.000000000000000000e+00,5.807660878341601440e-02
6.332665330661322312e-01,1.000000000000000056e-01,1.223423119207882603e+00
6.352705410821642973e-01,1.000000000000000000e+00,5.555997916074707776e-02
6.352705410821642973e-01,1.000000000000000056e-01,9.515167491460662097e-01
6.372745490981963634e-01,1.000000000000000000e+00,5.312790450505219808e-02
6.372745490981963634e-01,1.000000000000000056e-01,2.388292746445754844e-01
6.392785571142284295e-01,1.000000000000000000e+00,5.077895160739073072e-02
6.392785571142284295e-01,1.000000000000000056e-01,-1.089226079040987727e-01
6.412825651302604957e-01,1.000000000000000000e+00,4.851162578020685318e-02
6.412825651302604957e-01,1.000000000000000056e-01,-1.650209832699461587e-01
6.432865731462925618e-01,1.000000000000000000e+00,4.632437742342603720e-02
6.432865731462925618e-01,1.000000000000000056e-01,3.436922844024681289e-01
6.452905811623246279e-01,1.000000000000000000e+00,4.421560834650520300e-02
6.452905811623246279e-01,1.000000000000000056e-01,-1.028691422850338988e+00
6.472945891783566941e-01,1.000000000000000000e+00,4.218367784341294641e-02
6.472945891783566941e-01,1.000000000000000056e-01,1.139418292748455741e+00
6.492985971943887602e-01,1.000000000000000000e+00,4.022690851841272119e-02
6.492985971943887602e-01,1.000000000000000056e-01,1.116139812266062181e+00
6.513026052104208263e-01,1.000000000000000000e+00,3.834359186138203840e-02
6.513026052104208263e-01,1.000000000000000056e-01,9.305470193675658974e-01
6.533066132264528925e-01,1.000000000000000000e+00,3.653199357220907051e-02
6.533066132264528925e-01,1.000000000000000056e-01,-7.363065350550479504e-02
6.553106212424849586e-01,1.000000000000000000e+00,3.479035863458308786e-02
6.553106212424849586e-01,1.000000000000000056e-01,2.528594778751840355e-01
6.573146292585170247e-01,1.000000000000000000e+00,3.311691614021674418e-02
6.573146292585170247e-01,1.000000000000000056e-01,1.029625267902572583e+00
6.593186372745490909e-01,1.000000000000000000e+00,3.150988386522517865e-02
6.593186372745490909e-01,1.000000000000000056e-01,3.117491297304637587e-01
6.613226452905811570e-01,1.000000000000000000e+00,2.996747260103079999e-02
6.613226452905811570e-01,1.000000000000000056e-01,5.459039767855752290e-01
6.633266533066132231e-01,1.000000000000000000e+00,2.848789024280600629e-02
6.633266533066132231e-01,1.000000000000000056e-01,5.184876786585610464e-01
6.653306613226452892e-01,1.000000000000000000e+00,2.706934563920799716e-02
6.653306613226452892e-01,1.000000000000000056e-01,2.468381110396319578e+00
6.673346693386772444e-01,1.000000000000000000e+00,2.571005220843912073e-02
6.673346693386772444e-01,1.000000000000000056e-01,-2.937317703978250538e-01
6.693386773547093105e-01,1.000000000000000000e+00,2.440823132903312265e-02
6.693386773547093105e-01,1.000000000000000056e-01,7.726359933893645060e-04
6.713426853707413766e-01,1.000000000000000000e+00,2.316211552463054782e-02
6.713426853707413766e-01,1.000000000000000056e-01,4.388265518638610474e-01
6.733466933867734427e-01,1.000000000000000000e+00,2.196995149812348835e-02
6.733466933867734427e-01,1.000000000000000056e-01,-6.014354221719357685e-02
6.753507014028055089e-01,1.000000000000000000e+00,2.083000318743872745e-02
6.753507014028055089e-01,1.000000000000000056e-01,1.074821700814097447e+00
6.773547094188375750e-01,1.000000000000000000e+00,1.974055537722052903e-02
6.773547094188375750e-01,1.000000000000000056e-01,5.870872168712084616e-01
6.793587174348696411e-01,1.000000000000000000e+00,1.869991946800262858e-02
6.793587174348696411e-01,1.000000000000000056e-01,1.237919172181708660e+00
6.813627254509017073e-01,1.000000000000000000e+00,1.770644599365022581e-02
6.813627254509017073e-01,1.000000000000000056e-01,2.702875329551871486e-01
6.833667334669337734e-01,1.000000000000000000e+00,1.675855641528955359e-02
6.833667334669337734e-01,1.000000000000000056e-01,3.583346183153929831e-01
6.853707414829658395e-01,1.000000000000000000e+00,1.585482666508692198e-02
6.853707414829658395e-01,1.000000000000000056e-01,2.092704850183549681e+00
6.873747494989979057e-01,1.000000000000000000e+00,1.499420222886224327e-02
6.873747494989979057e-01,1.000000000000000056e-01,-4.662437030105595070e-01
6.893787575150299718e-01,1.000000000000000000e+00,1.417653020996004383e-02
6.893787575150299718e-01,1.000000000000000056e-01,-8.229590703585686340e-01
6.913827655310620379e-01,1.000000000000000000e+00,1.340381500206801191e-02
6.913827655310620379e-01,1.000000000000000056e-01,-1.451882400921979288e+00
6.933867735470941041e-01,1.000000000000000000e+00,1.268303597020254726e-02
6.933867735470941041e-01,1.000000000000000056e-01,3.327637426342291982e-01
6.953907815631261702e-01,1.000000000000000000e+00,1.203214525565257306e-02
6.953907815631261702e-01,1.000000000000000056e-01,-5.276815181387664033e-01
6.973947895791582363e-01,1.000000000000000000e+00,1.149215040687485284e-02
6.973947895791582363e-01,1.000000000000000056e-01,-4.583843691260874875e-02
6.993987975951903024e-01,1.000000000000000000e+00,1.115008540818510085e-02
6.993987975951903024e-01,1.000000000000000056e-01,-2.751617171383159421e-01
7.014028056112223686e-01,1.000000000000000000e+00,1.118007452968794793e-02
7.014028056112223686e-01,1.000000000000000056e-01,8.527938186987316094e-01
7.034068136272544347e-01,1.000000000000000000e+00,1.191200899959574816e-02
7.034068136272544347e-01,1.000000000000000056e-01,-2.071847768150499036e-01
7.054108216432865008e-01,1.000000000000000000e+00,1.393821621947511497e-02
7.054108216432865008e-01,1.000000000000000056e-01,-9.068355332751867337e-01
7.074148296593185670e-01,1.000000000000000000e+00,1.826557147278185661e-02
7.074148296593185670e-01,1.000000000000000056e-01,6.709747358492612612e-02
7.094188376753506331e-01,1.000000000000000000e+00,2.651074071238954458e-02
7.094188376753506331e-01,1.000000000000000056e-01,1.045400152397075288e+00
7.114228456913826992e-01,1.000000000000000000e+00,4.111694953496763949e-02
7.114228456913826992e-01,1.000000000000000056e-01,-2.453891908980994963e+00
7.134268537074147654e-01,1.000000000000000000e+00,6.554151251972700765e-02
7.134268537074147654e-01,1.000000000000000056e-01,9.064740434074582964e-01
7.154308617234468315e-01,1.000000000000000000e+00,1.043289899136721349e-01
7.154308617234468315e-01,1.000000000000000056e-01,-3.940708547105791770e-01
7.174348697394788976e-01,1.000000000000000000e+00,1.629569555574073569e-01
7.174348697394788976e-01,1.000000000000000056e-01,3.365107515268862315e+00
7.194388777555109638e-01,1.000000000000000000e+00,2.473381701145258016e-01
7.194388777555109638e-01,1.000000000000000056e-01,-6.244222222564066449e-01
7.214428857715430299e-01,1.000000000000000000e+00,3.629042607337132909e-01
7.214428857715430299e-01,1.000000000000000056e-01,7.557378323351490179e-01
7.234468937875750960e-01,1.000000000000000000e+00,5.132935518929843122e-01
7.234468937875750960e-01,1.000000000000000056e-01,1.456786200717313129e+00
7.254509018036071621e-01,1.000000000000000000e+00,6.988114498472399738e-01
7.254509018036071621e-01,1.000000000000000056e-01,-7.798322759962263984e-01
7.274549098196392283e-01,1.000000000000000000e+00,9.149901733154923722e-01
7.274549098196392283e-01,1.000000000000000056e-01,-1.127210579576621852e+00
7.294589178356712944e-01,1.000000000000000000e+00,1.151685723823219876e+00
7.294589178356712944e-01,1.000000000000000056e-01,1.622815279013629208e+00
7.314629258517033605e-01,1.000000000000000000e+00,1.393147815896772723e+00
7.314629258517033605e-01,1.000000000000000056e-01,1.504663761317821979e+00
7.334669338677354267e-01,1.000000000000000000e+00,1.619340900814205897e+00
7.334669338677354267e-01,1.000000000000000056e-01,1.551037214293697897e+00
7.354709418837674928e-01,1.000000000000000000e+00,1.808492460365990651e+00
7.354709418837674928e-01,1.000000000000000056e-01,3.459013295057424386e+00
7.374749498997995589e-01,1.000000000000000000e+00,1.940474687349770466e+00
7.374749498997995589e-01,1.000000000000000056e-01,3.023343159553031345e-01
7.394789579158316251e-01,1.000000000000000000e+00,2.000311545383299361e+00
7.394789579158316251e-01,1.000000000000000056e-01,2.853195425026731069e+00
7.414829659318636912e-01,1.000000000000000000e+00,1.980971276147065030e+00
7.414829659318636912e-01,1.000000000000000056e-01,2.228212481230750441e+00
7.434869739478957573e-01,1.000000000000000000e+00,1.884727395839161046e+00
7.434869739478957573e-01,1.000000000000000056e-01,2.155854940137462705e-01
7.454909819639278235e-01,1.000000000000000000e+00,1.722729342845293887e+00
7.454909819639278235e-01,1.000000000000000056e-01,1.273082253902486416e+00
7.474949899799598896e-01,1.000000000000000000e+00,1.512905068724177848e+00
7.474949899799598896e-01,1.000000000000000056e-01,2.649391893551830801e+00
7.494989979959919557e-01,1.000000000000000000e+00,1.276759947826787256e+00
7.494989979959919557e-01,1.000000000000000056e-01,7.360980606603187981e-01
7.515030060120240218e-01,1.000000000000000000e+00,1.035893512892717139e+00
7.515030060120240218e-01,1.000000000000000056e-01,9.984688162046628790e-01
7.535070140280560880e-01,1.000000000000000000e+00,8.090559953315002995e-01
7.535070140280560880e-01,1.000000000000000056e-01,5.319607310267744360e-01
7.555110220440881541e-01,1.000000000000000000e+00,6.103357172004933995e-01
7.555110220440881541e-01,1.000000000000000056e-01,1.453070535856561540e-01
7.575150300601202202e-01,1.000000000000000000e+00,4.487075523040910952e-01
7.575150300601202202e-01,1.000000000000000056e-01,8.263717550025531100e-01
7.595190380761522864e-01,1.000000000000000000e+00,3.288095517518795363e-01
7.595190380761522864e-01,1.000000000000000056e-01,6.921094685170829930e-01
7.615230460921843525e-01,1.000000000000000000e+00,2.525505239858542028e-01
7.615230460921843525e-01,1.000000000000000056e-01,6.889343446966937901e-01
7.635270541082164186e-01,1.000000000000000000e+00,2.210298479779962966e-01
7.635270541082164186e-01,1.000000000000000056e-01,3.915108976323985468e-01
7.655310621242484848e-01,1.000000000000000000e+00,2.362599470802222712e-01
7.655310621242484848e-01,1.000000000000000056e-01,-1.532253959707711444e-01
7.675350701402805509e-01,1.000000000000000000e+00,3.022784804193043851e-01
7.675350701402805509e-01,1.000000000000000056e-01,-1.559808384486424337e+00
7.695390781563125060e-01,1.000000000000000000e+00,4.253781687335677630e-01
7.695390781563125060e-01,1.000000000000000056e-01,-9.413927052147358365e-02
7.715430861723445721e-01,1.000000000000000000e+00,6.133431614535562737e-01
7.715430861723445721e-01,1.000000000000000056e-01,5.911940260268996328e-01
7.735470941883766383e-01,1.000000000000000000e+00,8.737562727932715045e-01
7.735470941883766383e-01,1.000000000000000056e-01,4.470749597770484751e-01
7.755511022044087044e-01,1.000000000000000000e+00,1.211627544076509189e+00
7.755511022044087044e-01,1.000000000000000056e-01,8.308712282307649799e-01
7.775551102204407705e-01,1.000000000000000000e+00,1.626770948095155322e+00
7.775551102204407705e-01,1.000000000000000056e-01,6.140223073270880683e-01
7.795591182364728366e-01,1.000000000000000000e+00,2.111479032958878399e+00
7.795591182364728366e-01,1.000000000000000056e-01,2.702183982290656594e+00
7.815631262525049028e-01,1.000000000000000000e+00,2.649061608459940320e+00
7.815631262525049028e-01,1.000000000000000056e-01,8.321281972289311657e-01
7.835671342685369689e-01,1.000000000000000000e+00,3.213689496951531499e+00
7.835671342685369689e-01,1.000000000000000056e-01,2.587158109650622428e+00
7.855711422845690350e-01,1.000000000000000000e+00,3.771729031352260453e+00
7.855711422845690350e-01,1.000000000000000056e-01,4.394782513064442675e+00
7.875751503006011012e-01,1.000000000000000000e+00,4.284432276992090394e+00
7.875751503006011012e-01,1.000000000000000056e-01,5.117483472452323490e+00
7.895791583166331673e-01,1.000000000000000000e+00,4.711560039974280301e+00
7.895791583166331673e-01,1.000000000000000056e-01,4.765462574538056550e+00
7.915831663326652334e-01,1.000000000000000000e+00,5.015349712186885078e+00
7.915831663326652334e-01,1.000000000000000056e-01,5.184557760031613505e+00
7.935871743486972996e-01,1.000000000000000000e+00,5.164239430765950267e+00
7.935871743486972996e-01,1.000000000000000056e-01,5.522115237858233883e+00
7.955911823647293657e-01,1.000000000000000000e+00,5.135900031133358468e+00
7.955911823647293657e-01,1.000000000000000056e-01,4.470988069440730683e+00
7.975951903807614318e-01,1.000000000000000000e+00,4.919333711067148229e+00
7.975951903807614318e-01,1.000000000000000056e-01,5.721736441655287386e+00
7.995991983967934980e-01,1.000000000000000000e+00,4.515989227294206820e+00
7.995991983967934980e-01,1.000000000000000056e-01,4.707072519500594687e+00
8.016032064128255641e-01,1.000000000000000000e+00,3.939960616049086095e+00
8.016032064128255641e-01,1.000000000000000056e-01,4.486378663981624548e+00
8.036072144288576302e-01,1.000000000000000000e+00,3.217366711954446679e+00
8.036072144288576302e-01,1.000000000000000056e-01,3.198185838799943781e+00
8.056112224448896963e-01,1.000000000000000000e+00,2.384976456297835057e+00
8.056112224448896963e-01,1.000000000000000056e-01,2.283883364979948816e+00
8.076152304609217625e-01,1.000000000000000000e+00,1.488093151041430584e+00
8.076152304609217625e-01,1.000000000000000056e-01,8.639928962327170225e-01
8.096192384769538286e-01,1.000000000000000000e+00,5.776845765031723978e-01
8.096192384769538286e-01,1.000000000000000056e-01,1.162120141119503902e+00
8.116232464929858947e-01,1.000000000000000000e+00,-2.932170089608293617e-01
8.116232464929858947e-01,1.000000000000000056e-01,1.020143858429388040e+00
8.136272545090179609e-01,1.000000000000000000e+00,-1.073698767950165278e+00
8.136272545090179609e-01,1.000000000000000056e-01,-1.171542301567116473e+00
8.156312625250500270e-01,1.000000000000000000e+00,-1.719389776916198986e+00
8.156312625250500270e-01,1.000000000000000056e-01,-1.116488426270637380e+00
8.176352705410820931e-01,1.000000000000000000e+00,-2.196553648221910571e+00
8.176352705410820931e-01,1.000000000000000056e-01,-1.883931907615207679e+00
8.196392785571141593e-01,1.000000000000000000e+00,-2.485132106176537903e+00
8.196392785571141593e-01,1.000000000000000056e-01,-1.801668017240237507e+00
8.216432865731462254e-01,1.000000000000000000e+00,-2.580051973489932760e+00
8.216432865731462254e-01,1.000000000000000056e-01,-1.657080010894741662e+00
8.236472945891782915e-01,1.000000000000000000e+00,-2.490389797737819322e+00
8.236472945891782915e-01,1.000000000000000056e-01,-1.375020315491665590e+00
8.256513026052103577e-01,1.000000000000000000e+00,-2.236492076545918639e+00
8.256513026052103577e-01,1.000000000000000056e-01,-1.786051964107464807e+00
8.276553106212424238e-01,1.000000000000000000e+00,-1.845733263732097340e+00
8.276553106212424238e-01,1.000000000000000056e-01,-9.981888544755124215e-01
8.296593186372744899e-01,1.000000000000000000e+00,-1.348043201361866394e+00
8.296593186372744899e-01,1.000000000000000056e-01,-1.747465952882547580e+00
8.316633266533065560e-01,1.000000000000000000e+00,-7.724471286997965924e-01
8.316633266533065560e-01,1.000000000000000056e-01,-1.524992217758993185e+00
8.336673346693386222e-01,1.000000000000000000e+00,-1.455382854951085547e-01
8.336673346693386222e-01,1.000000000000000056e-01,-4.449070620680466437e-01
8.356713426853706883e-01,1.000000000000000000e+00,5.078870236077165368e-01
8.356713426853706883e-01,1.000000000000000056e-01,1.369759605105608236e+00
8.376753507014027544e-01,1.000000000000000000e+00,1.162635537984507472e+00
8.376753507014027544e-01,1.000000000000000056e-01,2.080090791816703977e+00
8.396793587174348206e-01,1.000000000000000000e+00,1.790639622132448094e+00
8.396793587174348206e-01,1.000000000000000056e-01,2.440746587675836743e+00
8.416833667334668867e-01,1.000000000000000000e+00,2.359708199663556272e+00
8.416833667334668867e-01,1.000000000000000056e-01,1.456334614694159146e+00
8.436873747494989528e-01,1.000000000000000000e+00,2.834687940402397466e+00
8.436873747494989528e-01,1.000000000000000056e-01,3.241083910861257245e+00
8.456913827655310190e-01,1.000000000000000000e+00,3.181394134798671391e+00
8.456913827655310190e-01,1.000000000000000056e-01,1.609921366546076094e+00
8.476953907815630851e-01,1.000000000000000000e+00,3.372624821861386124e+00
8.476953907815630851e-01,1.000000000000000056e-01,4.370992632338174033e+00
8.496993987975951512e-01,1.000000000000000000e+00,3.394678215776088859e+00
8.496993987975951512e-01,1.000000000000000056e-01,3.089536994374767698e+00
8.517034068136272174e-01,1.000000000000000000e+00,3.252395366265059096e+00
8.517034068136272174e-01,1.000000000000000056e-01,3.922994293833401258e+00
8.537074148296592835e-01,1.000000000000000000e+00,2.971019594261625762e+00
8.537074148296592835e-01,1.000000000000000056e-01,2.197448849896190826e+00
8.557114228456913496e-01,1.000000000000000000e+00,2.594025887831826083e+00
8.557114228456913496e-01,1.000000000000000056e-01,2.047064334186587065e+00
8.577154308617234157e-01,1.000000000000000000e+00,2.177226455544131856e+00
8.577154308617234157e-01,1.000000000000000056e-01,-1.532692741628540745e-01
8.597194388777554819e-01,1.000000000000000000e+00,1.780496530816761735e+00
8.597194388777554819e-01,1.000000000000000056e-01,1.651693411777803266e+00
8.617234468937875480e-01,1.000000000000000000e+00,1.459039526959525102e+00
8.617234468937875480e-01,1.000000000000000056e-01,2.318108611188534063e+00
8.637274549098196141e-01,1.000000000000000000e+00,1.256068652077730885e+00
8.637274549098196141e-01,1.000000000000000056e-01,2.045276702892715459e-01
8.657314629258516803e-01,1.000000000000000000e+00,1.198207322583462187e+00
8.657314629258516803e-01,1.000000000000000056e-01,2.230040929317688381e+00
8.677354709418837464e-01,1.000000000000000000e+00,1.294065458490146758e+00
8.677354709418837464e-01,1.000000000000000056e-01,1.796539463177403650e+00
8.697394789579158125e-01,1.000000000000000000e+00,1.535645827175020184e+00
8.697394789579158125e-01,1.000000000000000056e-01,2.571805445655352074e+00
8.717434869739478787e-01,1.000000000000000000e+00,1.901709007883480407e+00
8.717434869739478787e-01,1.000000000000000056e-01,2.089294367388721874e+00
8.737474949899798338e-01,1.000000000000000000e+00,2.362062927680031343e+00
8.737474949899798338e-01,1.000000000000000056e-01,3.806357932226710705e+00
8.757515030060118999e-01,1.000000000000000000e+00,2.881885207209614830e+00
8.757515030060118999e-01,1.000000000000000056e-01,1.356591106489292375e+00
8.777555110220439660e-01,1.000000000000000000e+00,3.425493647834606747e+00
8.777555110220439660e-01,1.000000000000000056e-01,3.155018671215573445e+00
8.797595190380760322e-01,1.000000000000000000e+00,3.959305172898244241e+00
8.797595190380760322e-01,1.000000000000000056e-01,3.915778591350357107e+00
8.817635270541080983e-01,1.000000000000000000e+00,4.453965116789389889e+00
8.817635270541080983e-01,1.000000000000000056e-01,5.094234018201703407e+00
8.837675350701401644e-01,1.000000000000000000e+00,4.885747952606813271e+00
8.837675350701401644e-01,1.000000000000000056e-01,4.681971382814522187e+00
8.857715430861722306e-01,1.000000000000000000e+00,5.237340547968726945e+00
8.857715430861722306e-01,1.000000000000000056e-01,6.499078929532254634e+00
8.877755511022042967e-01,1.000000000000000000e+00,5.498064977369290673e+00
8.877755511022042967e-01,1.000000000000000056e-01,5.009475746143926322e+00
8.897795591182363628e-01,1.000000000000000000e+00,5.663537415545384590e+00
8.897795591182363628e-01,1.000000000000000056e-01,5.442327381247326734e+00
8.917835671342684289e-01,1.000000000000000000e+00,5.734745431273059246e+00
8.917835671342684289e-01,1.000000000000000056e-01,6.281473064345195922e+00
8.937875751503004951e-01,1.000000000000000000e+00,5.716588797244690490e+00
8.937875751503004951e-01,1.000000000000000056e-01,4.622690670429248527e+00
8.957915831663325612e-01,1.000000000000000000e+00,5.616062729244274188e+00
8.957915831663325612e-01,1.000000000000000056e-01,4.876813001902887912e+00
8.977955911823646273e-01,1.000000000000000000e+00,5.440420141872190918e+00
8.977955911823646273e-01,1.000000000000000056e-01,5.637755105935115196e+00
8.997995991983966935e-01,1.000000000000000000e+00,5.195755827225871037e+00
8.997995991983966935e-01,1.000000000000000056e-01,5.603360462208366144e+00
9.018036072144287596e-01,1.000000000000000000e+00,4.886436876717746181e+00
9.018036072144287596e-01,1.000000000000000056e-01,4.729654502904543811e+00
9.038076152304608257e-01,1.000000000000000000e+00,4.515624080055731682e+00
9.038076152304608257e-01,1.000000000000000056e-01,5.933407279360908504e+00
9.058116232464928919e-01,1.000000000000000000e+00,4.086815285461280034e+00
9.058116232464928919e-01,1.000000000000000056e-01,3.875845660569434248e+00
9.078156312625249580e-01,1.000000000000000000e+00,3.605984996024893086e+00
9.078156312625249580e-01,1.000000000000000056e-01,5.289189474433608318e+00
9.098196392785570241e-01,1.000000000000000000e+00,3.083623330852294675e+00
9.098196392785570241e-01,1.000000000000000056e-01,2.936703964838542014e+00
9.118236472945890903e-01,1.000000000000000000e+00,2.535909697002890706e+00
9.118236472945890903e-01,1.000000000000000056e-01,3.341488187630708317e+00
9.138276553106211564e-01,1.000000000000000000e+00,1.984447822695684316e+00
9.138276553106211564e-01,1.000000000000000056e-01,2.070277115053387629e+00
9.158316633266532225e-01,1.000000000000000000e+00,1.454400237719474465e+00
9.158316633266532225e-01,1.000000000000000056e-01,2.690758690238590489e+00
9.178356713426852886e-01,1.000000000000000000e+00,9.713619605389627321e-01
9.178356713426852886e-01,1.000000000000000056e-01,6.611835174274550697e-01
9.198396793587173548e-01,1.000000000000000000e+00,5.577281117100169050e-01
9.198396793587173548e-01,1.000000000000000056e-01,-4.885482618466431282e-01
9.218436873747494209e-01,1.000000000000000000e+00,2.294835623091072696e-01
9.218436873747494209e-01,1.000000000000000056e-01,3.303103575182599894e-01
9.238476953907814870e-01,1.000000000000000000e+00,-5.793059226946034590e-03
9.238476953907814870e-01,1.000000000000000056e-01,7.133127702757260935e-02
9.258517034068135532e-01,1.000000000000000000e+00,-1.493131849094583019e-01
9.258517034068135532e-01,1.000000000000000056e-01,1.201496542101408105e+00
9.278557114228456193e-01,1.000000000000000000e+00,-2.099560033998734143e-01
9.278557114228456193e-01,1.000000000000000056e-01,-7.617828813268344712e-01
9.298597194388776854e-01,1.000000000000000000e+00,-2.021721145208343895e-01
9.298597194388776854e-01,1.000000000000000056e-01,8.558565681653218515e-01
9.318637274549097516e-01,1.000000000000000000e+00,-1.436435707294685116e-01
9.318637274549097516e-01,1.000000000000000056e-01,1.487754165160533881e-01
9.338677354709418177e-01,1.000000000000000000e+00,-5.334551910720048556e-02
9.338677354709418177e-01,1.000000000000000056e-01,1.947839851580579928e+00
9.358717434869738838e-01,1.000000000000000000e+00,4.965995982687824301e-02
9.358717434869738838e-01,1.000000000000000056e-01,4.735290621579083536e-01
9.378757515030059499e-01,1.000000000000000000e+00,1.467737314196292941e-01
9.378757515030059499e-01,1.000000000000000056e-01,-3.630098210437385231e-02
9.398797595190380161e-01,1.000000000000000000e+00,2.201615410199807277e-01
9.398797595190380161e-01,1.000000000000000056e-01,-3.323428076948855558e-01
9.418837675350700822e-01,1.000000000000000000e+00,2.533411935084154964e-01
9.418837675350700822e-01,1.000000000000000056e-01,1.563719293513231356e+00
9.438877755511021483e-01,1.000000000000000000e+00,2.324515733615364621e-01
9.438877755511021483e-01,1.000000000000000056e-01,3.736880501180270819e-01
9.458917835671342145e-01,1.000000000000000000e+00,1.482478713812956927e-01
9.458917835671342145e-01,1.000000000000000056e-01,-3.928393862358385835e-01
9.478957915831662806e-01,1.000000000000000000e+00,-1.567447840290676691e-03
9.478957915831662806e-01,1.000000000000000056e-01,-9.508339327470208824e-01
9.498997995991983467e-01,1.000000000000000000e+00,-2.104088814860114731e-01
9.498997995991983467e-01,1.000000000000000056e-01,-3.089802348483347005e-01
9.519038076152304129e-01,1.000000000000000000e+00,-4.620872748542502739e-01
9.519038076152304129e-01,1.000000000000000056e-01,1.994112720978599151e-01
9.539078156312624790e-01,1.000000000000000000e+00,-7.318891228906553303e-01
9.539078156312624790e-01,1.000000000000000056e-01,-2.577912959015179251e+00
9.559118236472945451e-01,1.000000000000000000e+00,-9.895328005030987750e-01
9.559118236472945451e-01,1.000000000000000056e-01,-9.936063741278111650e-01
9.579158316633266113e-01,1.000000000000000000e+00,-1.203468165475360729e+00
9.579158316633266113e-01,1.000000000000000056e-01,-3.237548738096356793e+00
9.599198396793586774e-01,1.000000000000000000e+00,-1.345502918839083462e+00
9.599198396793586774e-01,1.000000000000000056e-01,-8.916354391691981851e-01
9.619238476953907435e-01,1.000000000000000000e+00,-1.394583812192746075e+00
9.619238476953907435e-01,1.000000000000000056e-01,-1.161304916439617863e+00
9.639278557114228096e-01,1.000000000000000000e+00,-1.338816724630325528e+00
9.639278557114228096e-01,1.000000000000000056e-01,-1.005856282488607034e+00
9.659318637274548758e-01,1.000000000000000000e+00,-1.175400296100566733e+00
9.659318637274548758e-01,1.000000000000000056e-01,-1.034361880830175329e+00
9.679358717434869419e-01,1.000000000000000000e+00,-9.088593396717817852e-01
9.679358717434869419e-01,1.000000000000000056e-01,-1.028167173492167130e-02
9.699398797595190080e-01,1.000000000000000000e+00,-5.485266660534404703e-01
9.699398797595190080e-01,1.000000000000000056e-01,-2.220954927548698388e-01
9.719438877755510742e-01,1.000000000000000000e+00,-1.064154094102653242e-01
9.719438877755510742e-01,1.000000000000000056e-01,1.049625723461308446e+00
9.739478957915831403e-01,1.000000000000000000e+00,4.036336704141101350e-01
9.739478957915831403e-01,1.000000000000000056e-01,1.838767112918552549e+00
9.759519038076150954e-01,1.000000000000000000e+00,9.652640839632169456e-01
9.759519038076150954e-01,1.000000000000000056e-01,1.453808780828917957e-01
9.779559118236471615e-01,1.000000000000000000e+00,1.557856932586552112e+00
9.779559118236471615e-01,1.000000000000000056e-01,3.720300165314536223e-01
9.799599198396792277e-01,1.000000000000000000e+00,2.154795275639462382e+00
9.799599198396792277e-01,1.000000000000000056e-01,2.747127091505528806e+00
9.819639278557112938e-01,1.000000000000000000e+00,2.722993766988412556e+00
9.819639278557112938e-01,1.000000000000000056e-01,2.834512191982665463e+00
9.839679358717433599e-01,1.000000000000000000e+00,3.224628511370915884e+00
9.839679358717433599e-01,1.000000000000000056e-01,3.199802605504184605e+00
9.859719438877754261e-01,1.000000000000000000e+00,3.621265574130386522e+00
9.859719438877754261e-01,1.000000000000000056e-01,5.075313380576439215e+00
9.879759519038074922e-01,1.000000000000000000e+00,3.879686436924300708e+00
9.879759519038074922e-01,1.000000000000000056e-01,4.490034441168162083e+00
9.899799599198395583e-01,1.000000000000000000e+00,3.977978231640420415e+00
9.899799599198395583e-01,1.000000000000000056e-01,4.921182533421198713e+00
9.919839679358716245e-01,1.000000000000000000e+00,3.910182288914247906e+00
9.919839679358716245e-01,1.000000000000000056e-01,2.995840251780579777e+00
9.939879759519036906e-01,1.000000000000000000e+00,3.688099219817777996e+00
9.939879759519036906e-01,1.000000000000000056e-01,4.941197303607559377e+00
9.959919839679357567e-01,1.000000000000000000e+00,3.339636137789445236e+00
9.959919839679357567e-01,1.000000000000000056e-01,5.443217465774891295e+00
9.979959919839678228e-01,1.000000000000000000e+00,2.904071527870678349e+00
9.979959919839678228e-01,1.000000000000000056e-01,1.621686363059079650e+00
1.000000000000000000e+00,1.000000000000000000e+00,2.425455455432073304e+00
1.000000000000000000e+00,1.000000000000000056e-01,1.945809148236568253e+00
